A1	A2	A3	A4	A5	A6	A7	A8	A9	A10	A11	A12	B1	B2	B3	B4	B5	B6	B7	B8	B9	B10	B11	B12	C1	C2	C3	C4	C5	C6	C7	C8	C9	C10	C11	C12	D1	D2	D3	D4	D5	D6	D7	D8	D9	D10	D11	D12	E1	E2	E3	E4	E5	E6	E7	E8	E9	E10	E11	E12	F1	F2	F3	F4	F5	F6	F7	F8	F9	F10	F11	F12	G1	G2	G3	G4	G5	G6	G7	G8	G9	G10	G11	G12	H1	H2	H3	H4	H5	H6	H7	H8	H9	H10	H11	H12
0.09	0.091	0.089	0.089	0.09	0.09	0.091	0.089	0.09	0.095	0.09	0.089	0.09	0.116	0.114	0.113	0.09	0.118	0.116	0.111	0.089	0.089	0.089	0.09	0.09	0.118	0.112	0.112	0.09	0.117	0.115	0.111	0.09	0.089	0.09	0.09	0.091	0.121	0.112	0.11	0.091	0.118	0.127	0.11	0.09	0.091	0.091	0.09	0.09	0.116	0.118	0.112	0.09	0.119	0.107	0.11	0.091	0.09	0.091	0.09	0.091	0.092	0.092	0.091	0.09	0.092	0.091	0.091	0.09	0.09	0.09	0.091	0.09	0.09	0.091	0.09	0.091	0.09	0.091	0.09	0.09	0.09	0.091	0.09	0.089	0.091	0.092	0.09	0.091	0.092	0.091	0.09	0.09	0.091	0.091	0.09
0.09	0.091	0.089	0.089	0.09	0.09	0.091	0.089	0.09	0.095	0.09	0.089	0.09	0.149	0.146	0.143	0.09	0.146	0.142	0.136	0.089	0.089	0.089	0.09	0.09	0.153	0.14	0.14	0.09	0.147	0.144	0.134	0.09	0.089	0.09	0.09	0.09	0.156	0.138	0.135	0.09	0.149	0.161	0.134	0.09	0.09	0.091	0.09	0.09	0.147	0.149	0.139	0.09	0.151	0.128	0.132	0.09	0.09	0.09	0.09	0.091	0.092	0.091	0.091	0.09	0.092	0.091	0.091	0.09	0.089	0.09	0.091	0.09	0.09	0.091	0.09	0.091	0.09	0.091	0.089	0.089	0.09	0.091	0.09	0.089	0.09	0.092	0.089	0.092	0.091	0.091	0.089	0.09	0.09	0.09	0.089
0.09	0.091	0.089	0.089	0.09	0.09	0.091	0.089	0.09	0.095	0.09	0.089	0.09	0.241	0.229	0.223	0.09	0.241	0.222	0.207	0.09	0.089	0.089	0.09	0.09	0.243	0.22	0.216	0.09	0.236	0.23	0.203	0.09	0.089	0.09	0.09	0.09	0.254	0.214	0.208	0.09	0.232	0.249	0.205	0.09	0.09	0.091	0.09	0.09	0.239	0.239	0.215	0.09	0.241	0.193	0.2	0.09	0.09	0.09	0.09	0.091	0.092	0.091	0.091	0.09	0.092	0.091	0.091	0.09	0.089	0.09	0.091	0.09	0.09	0.091	0.09	0.091	0.09	0.091	0.089	0.089	0.09	0.091	0.09	0.089	0.09	0.092	0.089	0.092	0.093	0.091	0.09	0.092	0.091	0.091	0.089
0.09	0.091	0.089	0.089	0.09	0.09	0.091	0.089	0.09	0.096	0.09	0.089	0.09	0.383	0.352	0.345	0.09	0.37	0.329	0.325	0.089	0.089	0.089	0.09	0.09	0.394	0.344	0.336	0.09	0.358	0.353	0.324	0.09	0.089	0.09	0.09	0.09	0.412	0.332	0.32	0.09	0.369	0.361	0.323	0.09	0.091	0.091	0.091	0.09	0.386	0.379	0.335	0.09	0.388	0.302	0.319	0.09	0.09	0.09	0.09	0.091	0.092	0.092	0.091	0.09	0.092	0.091	0.091	0.09	0.089	0.09	0.091	0.09	0.09	0.091	0.09	0.091	0.09	0.091	0.089	0.09	0.09	0.091	0.09	0.089	0.091	0.092	0.089	0.092	0.09	0.09	0.089	0.09	0.091	0.09	0.089
0.09	0.091	0.089	0.089	0.09	0.09	0.091	0.089	0.09	0.096	0.09	0.089	0.09	0.512	0.477	0.467	0.091	0.541	0.497	0.482	0.089	0.089	0.089	0.09	0.09	0.548	0.466	0.459	0.09	0.525	0.54	0.469	0.09	0.089	0.09	0.09	0.09	0.556	0.452	0.44	0.09	0.549	0.556	0.488	0.09	0.091	0.091	0.09	0.09	0.525	0.509	0.457	0.09	0.561	0.487	0.478	0.091	0.09	0.09	0.09	0.091	0.092	0.092	0.091	0.09	0.092	0.091	0.091	0.09	0.089	0.09	0.091	0.09	0.09	0.091	0.09	0.091	0.09	0.091	0.089	0.09	0.09	0.091	0.09	0.089	0.091	0.092	0.09	0.092	0.091	0.091	0.09	0.09	0.091	0.091	0.089
0.09	0.091	0.089	0.089	0.089	0.09	0.091	0.089	0.09	0.096	0.09	0.089	0.09	0.619	0.59	0.577	0.09	0.635	0.637	0.624	0.089	0.089	0.089	0.09	0.09	0.644	0.579	0.569	0.09	0.658	0.647	0.638	0.09	0.089	0.09	0.09	0.09	0.67	0.561	0.549	0.09	0.662	0.652	0.621	0.09	0.091	0.091	0.09	0.09	0.64	0.62	0.566	0.09	0.657	0.627	0.643	0.091	0.09	0.09	0.09	0.091	0.092	0.092	0.091	0.09	0.092	0.091	0.091	0.09	0.089	0.09	0.091	0.09	0.09	0.091	0.09	0.091	0.09	0.091	0.089	0.09	0.09	0.091	0.09	0.089	0.091	0.092	0.09	0.092	0.091	0.09	0.089	0.09	0.091	0.09	0.089
0.09	0.091	0.089	0.089	0.09	0.09	0.091	0.089	0.09	0.096	0.09	0.089	0.09	0.679	0.64	0.619	0.09	0.677	0.705	0.68	0.089	0.089	0.089	0.09	0.09	0.694	0.637	0.619	0.09	0.695	0.703	0.696	0.09	0.089	0.09	0.09	0.09	0.74	0.619	0.593	0.09	0.701	0.716	0.705	0.09	0.091	0.091	0.09	0.09	0.7	0.666	0.612	0.09	0.706	0.709	0.683	0.091	0.09	0.09	0.09	0.091	0.092	0.092	0.091	0.09	0.092	0.091	0.091	0.09	0.089	0.09	0.091	0.09	0.09	0.091	0.09	0.091	0.09	0.091	0.089	0.09	0.09	0.091	0.09	0.089	0.091	0.092	0.09	0.092	0.091	0.09	0.09	0.09	0.091	0.09	0.09
0.09	0.091	0.089	0.089	0.09	0.09	0.091	0.089	0.09	0.095	0.09	0.089	0.09	0.716	0.663	0.64	0.09	0.736	0.712	0.678	0.09	0.089	0.089	0.09	0.09	0.713	0.658	0.64	0.09	0.716	0.729	0.703	0.09	0.089	0.09	0.09	0.09	0.756	0.635	0.615	0.09	0.741	0.732	0.71	0.09	0.091	0.091	0.09	0.09	0.718	0.683	0.629	0.09	0.732	0.715	0.702	0.091	0.09	0.09	0.09	0.091	0.092	0.092	0.091	0.09	0.092	0.091	0.091	0.09	0.089	0.09	0.091	0.09	0.09	0.091	0.09	0.091	0.09	0.091	0.089	0.09	0.09	0.091	0.091	0.089	0.091	0.092	0.09	0.092	0.095	0.09	0.09	0.093	0.091	0.091	0.089
0.09	0.091	0.089	0.089	0.09	0.09	0.091	0.089	0.09	0.095	0.09	0.089	0.09	0.736	0.67	0.643	0.09	0.722	0.727	0.698	0.09	0.089	0.089	0.09	0.09	0.739	0.666	0.645	0.09	0.718	0.73	0.698	0.089	0.089	0.09	0.09	0.09	0.758	0.647	0.622	0.09	0.756	0.739	0.708	0.09	0.091	0.091	0.09	0.09	0.724	0.688	0.633	0.09	0.772	0.727	0.709	0.091	0.09	0.09	0.09	0.091	0.092	0.092	0.091	0.09	0.092	0.091	0.091	0.09	0.089	0.09	0.091	0.09	0.09	0.091	0.09	0.091	0.09	0.091	0.089	0.09	0.09	0.091	0.09	0.089	0.091	0.092	0.09	0.092	0.095	0.09	0.09	0.093	0.091	0.091	0.089
0.09	0.091	0.089	0.089	0.089	0.09	0.091	0.089	0.09	0.095	0.09	0.089	0.09	0.73	0.672	0.648	0.09	0.748	0.765	0.718	0.09	0.089	0.089	0.09	0.09	0.771	0.667	0.646	0.09	0.724	0.771	0.738	0.089	0.089	0.09	0.09	0.09	0.755	0.641	0.62	0.09	0.759	0.779	0.753	0.09	0.091	0.091	0.09	0.09	0.722	0.686	0.631	0.09	0.755	0.763	0.742	0.09	0.09	0.09	0.09	0.091	0.092	0.091	0.091	0.09	0.092	0.091	0.091	0.09	0.089	0.09	0.091	0.09	0.09	0.091	0.09	0.091	0.09	0.091	0.089	0.09	0.09	0.091	0.09	0.089	0.091	0.091	0.089	0.092	0.095	0.09	0.09	0.093	0.09	0.091	0.089
0.09	0.091	0.089	0.089	0.09	0.09	0.091	0.089	0.09	0.095	0.09	0.089	0.09	0.731	0.668	0.646	0.09	0.749	0.762	0.754	0.09	0.089	0.089	0.09	0.09	0.773	0.67	0.647	0.09	0.742	0.787	0.757	0.09	0.089	0.09	0.09	0.09	0.747	0.644	0.622	0.09	0.766	0.802	0.764	0.09	0.09	0.091	0.09	0.09	0.719	0.687	0.63	0.09	0.764	0.791	0.756	0.091	0.09	0.09	0.09	0.091	0.092	0.092	0.091	0.09	0.092	0.091	0.091	0.09	0.089	0.09	0.091	0.09	0.09	0.091	0.09	0.091	0.09	0.091	0.089	0.09	0.09	0.091	0.09	0.089	0.091	0.092	0.09	0.092	0.095	0.09	0.09	0.093	0.091	0.091	0.089
0.09	0.091	0.089	0.089	0.09	0.09	0.091	0.089	0.09	0.096	0.09	0.089	0.09	0.729	0.662	0.646	0.09	0.756	0.779	0.721	0.09	0.089	0.089	0.09	0.09	0.772	0.667	0.639	0.09	0.732	0.771	0.733	0.089	0.089	0.09	0.09	0.09	0.753	0.641	0.618	0.09	0.77	0.772	0.768	0.09	0.091	0.091	0.09	0.09	0.717	0.683	0.626	0.09	0.76	0.76	0.752	0.091	0.09	0.09	0.09	0.091	0.093	0.092	0.091	0.09	0.092	0.091	0.091	0.09	0.089	0.09	0.091	0.09	0.09	0.091	0.09	0.091	0.09	0.091	0.089	0.09	0.09	0.091	0.09	0.089	0.091	0.092	0.09	0.092	0.095	0.09	0.09	0.093	0.091	0.091	0.089
0.09	0.091	0.089	0.09	0.09	0.09	0.091	0.089	0.09	0.095	0.09	0.089	0.09	0.728	0.67	0.649	0.09	0.757	0.785	0.731	0.09	0.089	0.089	0.09	0.09	0.771	0.668	0.649	0.09	0.75	0.791	0.76	0.089	0.089	0.09	0.09	0.091	0.749	0.646	0.62	0.09	0.767	0.775	0.768	0.09	0.091	0.091	0.09	0.09	0.717	0.692	0.633	0.09	0.78	0.763	0.768	0.091	0.09	0.09	0.09	0.091	0.092	0.092	0.091	0.09	0.092	0.091	0.091	0.09	0.089	0.09	0.091	0.09	0.09	0.091	0.09	0.091	0.09	0.091	0.089	0.09	0.09	0.091	0.09	0.089	0.091	0.092	0.09	0.092	0.095	0.091	0.09	0.093	0.091	0.091	0.089
0.09	0.091	0.089	0.09	0.09	0.09	0.091	0.089	0.09	0.095	0.09	0.089	0.09	0.723	0.665	0.642	0.09	0.793	0.766	0.722	0.09	0.089	0.089	0.09	0.09	0.768	0.672	0.644	0.09	0.74	0.771	0.747	0.089	0.089	0.09	0.09	0.091	0.75	0.649	0.623	0.09	0.77	0.797	0.764	0.09	0.091	0.091	0.09	0.09	0.712	0.69	0.632	0.09	0.785	0.788	0.771	0.091	0.09	0.09	0.09	0.091	0.093	0.092	0.091	0.09	0.092	0.091	0.091	0.09	0.089	0.09	0.091	0.09	0.09	0.091	0.09	0.091	0.09	0.091	0.089	0.09	0.09	0.091	0.09	0.089	0.091	0.092	0.09	0.092	0.095	0.091	0.09	0.093	0.091	0.091	0.089
0.09	0.091	0.089	0.09	0.09	0.09	0.091	0.089	0.09	0.095	0.09	0.089	0.09	0.728	0.671	0.644	0.09	0.765	0.758	0.723	0.09	0.089	0.089	0.09	0.09	0.774	0.665	0.653	0.09	0.733	0.774	0.744	0.089	0.089	0.09	0.09	0.091	0.746	0.652	0.627	0.09	0.771	0.795	0.752	0.09	0.091	0.091	0.09	0.09	0.712	0.692	0.635	0.09	0.781	0.771	0.76	0.091	0.09	0.09	0.09	0.091	0.092	0.092	0.091	0.09	0.092	0.091	0.091	0.09	0.089	0.09	0.091	0.09	0.09	0.091	0.09	0.091	0.09	0.091	0.089	0.089	0.09	0.091	0.09	0.089	0.091	0.092	0.09	0.092	0.095	0.091	0.09	0.093	0.091	0.091	0.089
0.09	0.091	0.089	0.09	0.09	0.09	0.091	0.089	0.09	0.095	0.09	0.089	0.09	0.733	0.671	0.648	0.09	0.778	0.759	0.724	0.09	0.089	0.089	0.09	0.09	0.768	0.677	0.649	0.09	0.732	0.764	0.748	0.089	0.089	0.09	0.09	0.091	0.746	0.652	0.625	0.09	0.764	0.798	0.748	0.09	0.091	0.091	0.09	0.09	0.712	0.698	0.635	0.09	0.777	0.782	0.765	0.091	0.09	0.09	0.09	0.091	0.092	0.092	0.091	0.09	0.092	0.091	0.091	0.09	0.089	0.09	0.091	0.09	0.09	0.091	0.09	0.091	0.09	0.091	0.089	0.09	0.09	0.091	0.091	0.089	0.091	0.092	0.09	0.092	0.095	0.091	0.09	0.093	0.091	0.091	0.09
0.09	0.091	0.089	0.09	0.09	0.09	0.091	0.089	0.09	0.095	0.09	0.089	0.09	0.735	0.677	0.649	0.09	0.781	0.768	0.729	0.09	0.089	0.089	0.09	0.09	0.775	0.68	0.658	0.09	0.732	0.773	0.753	0.089	0.089	0.09	0.09	0.091	0.752	0.656	0.626	0.09	0.762	0.804	0.749	0.09	0.091	0.091	0.09	0.09	0.721	0.7	0.645	0.09	0.772	0.794	0.764	0.091	0.09	0.09	0.09	0.091	0.092	0.092	0.091	0.09	0.092	0.091	0.091	0.09	0.089	0.09	0.091	0.09	0.09	0.091	0.09	0.091	0.09	0.091	0.089	0.089	0.09	0.091	0.09	0.089	0.091	0.091	0.09	0.092	0.095	0.09	0.089	0.093	0.091	0.091	0.089
0.091	0.091	0.089	0.09	0.09	0.09	0.091	0.089	0.09	0.096	0.09	0.089	0.09	0.735	0.676	0.651	0.09	0.788	0.767	0.734	0.09	0.089	0.089	0.09	0.09	0.783	0.691	0.659	0.09	0.741	0.777	0.754	0.089	0.089	0.09	0.09	0.091	0.755	0.659	0.632	0.09	0.763	0.808	0.756	0.09	0.091	0.091	0.09	0.09	0.716	0.704	0.648	0.09	0.772	0.799	0.769	0.091	0.09	0.09	0.09	0.091	0.092	0.092	0.091	0.09	0.092	0.091	0.091	0.09	0.089	0.09	0.091	0.09	0.09	0.091	0.09	0.091	0.09	0.091	0.089	0.09	0.09	0.091	0.091	0.089	0.091	0.092	0.09	0.092	0.095	0.091	0.09	0.093	0.091	0.091	0.09
0.09	0.092	0.089	0.09	0.09	0.09	0.091	0.089	0.09	0.096	0.09	0.089	0.09	0.738	0.68	0.657	0.09	0.791	0.772	0.742	0.09	0.089	0.089	0.09	0.09	0.784	0.694	0.665	0.09	0.743	0.782	0.757	0.09	0.089	0.09	0.09	0.091	0.752	0.658	0.638	0.091	0.763	0.816	0.756	0.09	0.091	0.091	0.09	0.09	0.718	0.707	0.655	0.09	0.771	0.801	0.77	0.09	0.09	0.091	0.09	0.091	0.092	0.092	0.091	0.09	0.092	0.091	0.091	0.09	0.089	0.09	0.091	0.09	0.09	0.091	0.09	0.091	0.09	0.091	0.089	0.09	0.09	0.091	0.09	0.089	0.09	0.092	0.09	0.092	0.092	0.091	0.09	0.092	0.091	0.091	0.089
0.09	0.091	0.089	0.089	0.09	0.09	0.091	0.089	0.09	0.096	0.09	0.089	0.09	0.738	0.681	0.66	0.09	0.789	0.779	0.745	0.09	0.089	0.089	0.09	0.09	0.786	0.7	0.668	0.09	0.746	0.786	0.766	0.089	0.089	0.09	0.09	0.091	0.751	0.668	0.641	0.09	0.763	0.818	0.757	0.09	0.09	0.091	0.09	0.09	0.717	0.707	0.654	0.09	0.772	0.802	0.772	0.09	0.09	0.09	0.09	0.091	0.092	0.092	0.091	0.09	0.093	0.091	0.091	0.09	0.089	0.09	0.091	0.09	0.09	0.091	0.09	0.091	0.09	0.091	0.089	0.089	0.09	0.091	0.09	0.089	0.09	0.092	0.09	0.092	0.092	0.091	0.09	0.092	0.091	0.091	0.089
0.09	0.091	0.089	0.09	0.09	0.09	0.091	0.089	0.09	0.095	0.09	0.089	0.09	0.737	0.678	0.659	0.09	0.791	0.782	0.748	0.09	0.089	0.089	0.09	0.09	0.785	0.697	0.671	0.09	0.748	0.787	0.768	0.089	0.089	0.09	0.09	0.091	0.752	0.668	0.639	0.09	0.764	0.818	0.759	0.09	0.09	0.091	0.09	0.09	0.72	0.714	0.662	0.09	0.774	0.804	0.772	0.09	0.09	0.09	0.09	0.091	0.092	0.092	0.091	0.09	0.092	0.091	0.091	0.09	0.089	0.09	0.091	0.09	0.09	0.091	0.09	0.091	0.09	0.091	0.089	0.089	0.09	0.091	0.09	0.089	0.09	0.092	0.09	0.092	0.092	0.09	0.09	0.092	0.091	0.09	0.089
0.09	0.091	0.089	0.09	0.09	0.09	0.091	0.089	0.09	0.096	0.09	0.089	0.09	0.74	0.679	0.665	0.09	0.793	0.783	0.748	0.09	0.089	0.089	0.09	0.09	0.788	0.701	0.672	0.09	0.749	0.785	0.77	0.089	0.089	0.09	0.09	0.091	0.753	0.67	0.647	0.09	0.765	0.817	0.763	0.09	0.09	0.091	0.09	0.09	0.718	0.713	0.66	0.09	0.774	0.804	0.774	0.09	0.09	0.09	0.09	0.091	0.092	0.092	0.091	0.09	0.092	0.091	0.091	0.09	0.089	0.09	0.091	0.09	0.09	0.091	0.09	0.091	0.09	0.091	0.089	0.09	0.09	0.091	0.09	0.089	0.09	0.092	0.09	0.092	0.092	0.09	0.09	0.092	0.091	0.091	0.089
0.09	0.091	0.089	0.09	0.09	0.09	0.091	0.089	0.09	0.095	0.09	0.089	0.09	0.735	0.68	0.662	0.091	0.794	0.78	0.748	0.09	0.089	0.089	0.09	0.09	0.787	0.703	0.666	0.09	0.746	0.787	0.769	0.089	0.089	0.09	0.09	0.091	0.749	0.667	0.643	0.09	0.766	0.821	0.765	0.09	0.09	0.091	0.09	0.09	0.715	0.712	0.664	0.09	0.773	0.803	0.778	0.09	0.09	0.09	0.09	0.091	0.092	0.092	0.091	0.09	0.093	0.091	0.091	0.09	0.089	0.09	0.091	0.09	0.09	0.091	0.09	0.091	0.09	0.091	0.089	0.09	0.09	0.091	0.09	0.089	0.09	0.092	0.09	0.092	0.092	0.091	0.09	0.092	0.09	0.091	0.089
0.09	0.091	0.089	0.09	0.09	0.09	0.091	0.089	0.09	0.095	0.09	0.089	0.09	0.736	0.676	0.663	0.09	0.792	0.782	0.748	0.09	0.089	0.089	0.09	0.09	0.787	0.702	0.67	0.09	0.75	0.789	0.768	0.089	0.089	0.09	0.09	0.091	0.75	0.667	0.65	0.09	0.763	0.818	0.761	0.09	0.09	0.091	0.09	0.09	0.714	0.712	0.66	0.09	0.773	0.804	0.776	0.09	0.09	0.09	0.09	0.091	0.092	0.092	0.091	0.09	0.092	0.091	0.091	0.09	0.089	0.09	0.091	0.09	0.09	0.091	0.09	0.091	0.09	0.091	0.089	0.09	0.09	0.091	0.09	0.089	0.091	0.092	0.09	0.092	0.094	0.09	0.089	0.093	0.091	0.091	0.089
0.09	0.091	0.089	0.09	0.09	0.09	0.091	0.089	0.09	0.095	0.09	0.089	0.09	0.733	0.676	0.657	0.09	0.794	0.783	0.743	0.09	0.089	0.089	0.09	0.09	0.786	0.702	0.669	0.09	0.749	0.787	0.77	0.089	0.089	0.09	0.09	0.091	0.747	0.67	0.649	0.09	0.767	0.819	0.763	0.09	0.091	0.091	0.09	0.09	0.712	0.714	0.661	0.09	0.769	0.803	0.775	0.09	0.09	0.09	0.09	0.091	0.092	0.092	0.091	0.09	0.092	0.091	0.091	0.09	0.089	0.09	0.091	0.09	0.09	0.091	0.09	0.091	0.09	0.091	0.089	0.089	0.09	0.091	0.09	0.089	0.091	0.092	0.09	0.092	0.095	0.091	0.09	0.093	0.091	0.091	0.089
0.09	0.091	0.089	0.09	0.09	0.09	0.091	0.089	0.09	0.096	0.09	0.089	0.09	0.73	0.675	0.657	0.09	0.791	0.782	0.741	0.09	0.089	0.089	0.09	0.09	0.787	0.703	0.67	0.09	0.748	0.788	0.77	0.089	0.089	0.09	0.09	0.091	0.747	0.667	0.651	0.09	0.764	0.818	0.765	0.09	0.091	0.091	0.09	0.09	0.711	0.714	0.661	0.09	0.772	0.802	0.777	0.091	0.09	0.09	0.096	0.091	0.092	0.092	0.091	0.09	0.092	0.091	0.091	0.09	0.089	0.09	0.091	0.09	0.09	0.091	0.09	0.091	0.09	0.091	0.089	0.09	0.09	0.091	0.09	0.089	0.091	0.092	0.09	0.092	0.095	0.091	0.09	0.093	0.091	0.091	0.089
0.091	0.091	0.089	0.09	0.09	0.09	0.091	0.089	0.09	0.096	0.09	0.089	0.09	0.727	0.673	0.66	0.09	0.791	0.78	0.744	0.09	0.089	0.089	0.09	0.09	0.784	0.702	0.668	0.09	0.743	0.786	0.772	0.089	0.089	0.09	0.09	0.091	0.745	0.669	0.65	0.09	0.765	0.819	0.767	0.09	0.091	0.091	0.09	0.09	0.709	0.713	0.658	0.09	0.771	0.803	0.776	0.091	0.09	0.09	0.096	0.091	0.092	0.092	0.091	0.09	0.092	0.091	0.091	0.09	0.089	0.09	0.091	0.09	0.09	0.091	0.09	0.091	0.09	0.091	0.089	0.089	0.09	0.091	0.09	0.089	0.091	0.092	0.09	0.092	0.095	0.09	0.09	0.093	0.091	0.091	0.089
0.091	0.091	0.089	0.09	0.09	0.09	0.091	0.089	0.09	0.095	0.09	0.089	0.09	0.725	0.685	0.655	0.09	0.791	0.779	0.739	0.09	0.089	0.089	0.09	0.09	0.783	0.709	0.672	0.09	0.745	0.787	0.772	0.089	0.089	0.09	0.09	0.091	0.743	0.668	0.649	0.09	0.762	0.818	0.766	0.09	0.091	0.091	0.09	0.09	0.708	0.71	0.656	0.09	0.772	0.803	0.778	0.091	0.09	0.09	0.096	0.091	0.092	0.092	0.091	0.09	0.092	0.091	0.091	0.09	0.089	0.09	0.091	0.09	0.09	0.091	0.09	0.091	0.09	0.091	0.089	0.09	0.09	0.091	0.09	0.089	0.091	0.092	0.09	0.092	0.095	0.091	0.09	0.092	0.091	0.091	0.089
0.091	0.091	0.089	0.09	0.09	0.09	0.091	0.089	0.09	0.096	0.09	0.089	0.09	0.724	0.67	0.652	0.09	0.79	0.782	0.739	0.09	0.089	0.089	0.09	0.09	0.781	0.701	0.665	0.09	0.741	0.785	0.773	0.089	0.089	0.09	0.09	0.091	0.742	0.67	0.647	0.09	0.762	0.819	0.767	0.09	0.091	0.091	0.09	0.09	0.706	0.71	0.658	0.09	0.768	0.803	0.777	0.091	0.09	0.09	0.096	0.091	0.092	0.092	0.091	0.09	0.092	0.091	0.091	0.09	0.089	0.09	0.091	0.09	0.09	0.091	0.09	0.091	0.09	0.091	0.089	0.09	0.09	0.091	0.09	0.089	0.091	0.092	0.09	0.092	0.095	0.09	0.09	0.093	0.091	0.091	0.09
0.091	0.091	0.089	0.09	0.09	0.09	0.091	0.089	0.09	0.096	0.09	0.089	0.09	0.72	0.671	0.652	0.09	0.788	0.781	0.742	0.09	0.089	0.089	0.09	0.09	0.781	0.701	0.666	0.09	0.741	0.785	0.773	0.089	0.089	0.09	0.09	0.091	0.741	0.667	0.648	0.091	0.761	0.82	0.764	0.09	0.091	0.091	0.09	0.09	0.706	0.711	0.657	0.09	0.768	0.801	0.776	0.091	0.09	0.09	0.096	0.091	0.093	0.092	0.091	0.09	0.093	0.091	0.091	0.09	0.089	0.09	0.091	0.09	0.09	0.091	0.09	0.091	0.09	0.091	0.089	0.09	0.09	0.091	0.091	0.089	0.091	0.092	0.09	0.092	0.095	0.091	0.09	0.093	0.091	0.091	0.089
0.091	0.091	0.089	0.09	0.09	0.09	0.091	0.089	0.09	0.096	0.09	0.089	0.09	0.718	0.669	0.653	0.09	0.788	0.778	0.736	0.09	0.089	0.089	0.09	0.09	0.778	0.699	0.666	0.09	0.738	0.786	0.773	0.089	0.089	0.09	0.09	0.091	0.739	0.665	0.646	0.09	0.762	0.821	0.764	0.09	0.091	0.091	0.09	0.09	0.703	0.709	0.656	0.09	0.769	0.801	0.775	0.091	0.09	0.09	0.096	0.091	0.092	0.092	0.091	0.09	0.092	0.091	0.091	0.09	0.089	0.09	0.091	0.09	0.09	0.091	0.09	0.091	0.09	0.091	0.089	0.09	0.09	0.091	0.09	0.089	0.091	0.092	0.09	0.092	0.095	0.091	0.09	0.093	0.091	0.091	0.089
0.091	0.091	0.089	0.09	0.09	0.09	0.091	0.089	0.09	0.096	0.09	0.089	0.09	0.714	0.668	0.652	0.09	0.787	0.779	0.738	0.09	0.089	0.089	0.09	0.09	0.778	0.702	0.666	0.09	0.743	0.785	0.773	0.089	0.089	0.09	0.09	0.091	0.737	0.667	0.647	0.09	0.761	0.823	0.765	0.09	0.091	0.091	0.09	0.09	0.7	0.71	0.657	0.09	0.77	0.801	0.774	0.091	0.09	0.09	0.096	0.091	0.092	0.092	0.091	0.09	0.093	0.091	0.091	0.09	0.089	0.09	0.091	0.09	0.09	0.091	0.09	0.091	0.09	0.091	0.089	0.09	0.09	0.091	0.09	0.089	0.091	0.092	0.09	0.092	0.095	0.091	0.089	0.093	0.091	0.091	0.089
0.091	0.091	0.089	0.09	0.09	0.09	0.091	0.089	0.09	0.096	0.09	0.089	0.09	0.713	0.667	0.651	0.09	0.79	0.779	0.735	0.09	0.089	0.089	0.09	0.09	0.778	0.7	0.663	0.09	0.742	0.786	0.774	0.089	0.089	0.09	0.09	0.091	0.736	0.665	0.645	0.09	0.762	0.822	0.765	0.09	0.091	0.091	0.09	0.09	0.7	0.709	0.654	0.09	0.77	0.803	0.775	0.091	0.09	0.09	0.096	0.091	0.092	0.092	0.091	0.09	0.092	0.091	0.091	0.09	0.089	0.09	0.091	0.09	0.09	0.091	0.09	0.091	0.09	0.091	0.089	0.09	0.09	0.091	0.09	0.089	0.091	0.092	0.09	0.092	0.095	0.09	0.089	0.092	0.091	0.091	0.089
0.091	0.091	0.089	0.09	0.09	0.09	0.091	0.089	0.09	0.096	0.09	0.089	0.09	0.708	0.666	0.65	0.09	0.788	0.78	0.737	0.09	0.089	0.089	0.09	0.09	0.777	0.7	0.665	0.09	0.743	0.785	0.776	0.089	0.089	0.09	0.09	0.091	0.736	0.666	0.645	0.091	0.76	0.822	0.763	0.09	0.091	0.091	0.09	0.09	0.698	0.709	0.655	0.09	0.77	0.803	0.775	0.091	0.09	0.09	0.096	0.091	0.092	0.092	0.091	0.09	0.092	0.091	0.091	0.09	0.089	0.09	0.091	0.09	0.09	0.091	0.09	0.091	0.09	0.091	0.089	0.09	0.09	0.091	0.09	0.089	0.091	0.092	0.09	0.092	0.095	0.091	0.09	0.093	0.091	0.091	0.09
0.091	0.091	0.089	0.09	0.09	0.09	0.091	0.089	0.09	0.096	0.09	0.089	0.09	0.708	0.664	0.649	0.09	0.79	0.78	0.734	0.09	0.089	0.089	0.09	0.09	0.775	0.7	0.665	0.09	0.742	0.787	0.775	0.089	0.089	0.09	0.09	0.091	0.733	0.666	0.644	0.091	0.761	0.823	0.766	0.09	0.09	0.091	0.09	0.09	0.697	0.708	0.654	0.09	0.769	0.802	0.776	0.091	0.09	0.09	0.096	0.091	0.092	0.092	0.091	0.09	0.092	0.091	0.091	0.09	0.089	0.09	0.091	0.09	0.09	0.091	0.09	0.091	0.09	0.091	0.089	0.09	0.09	0.091	0.09	0.089	0.091	0.092	0.09	0.092	0.095	0.09	0.09	0.092	0.091	0.091	0.089
0.091	0.091	0.089	0.09	0.09	0.09	0.091	0.089	0.09	0.096	0.09	0.089	0.09	0.709	0.665	0.649	0.09	0.79	0.78	0.734	0.09	0.089	0.089	0.09	0.09	0.776	0.701	0.665	0.09	0.744	0.787	0.778	0.089	0.089	0.09	0.09	0.091	0.735	0.666	0.644	0.091	0.761	0.824	0.764	0.09	0.091	0.091	0.09	0.09	0.696	0.708	0.653	0.09	0.769	0.805	0.774	0.091	0.09	0.09	0.096	0.091	0.092	0.092	0.091	0.09	0.092	0.091	0.091	0.09	0.089	0.09	0.091	0.09	0.09	0.091	0.09	0.091	0.09	0.091	0.089	0.09	0.09	0.091	0.091	0.089	0.091	0.092	0.09	0.092	0.095	0.091	0.09	0.093	0.091	0.091	0.09
0.091	0.091	0.089	0.09	0.09	0.09	0.091	0.089	0.09	0.096	0.09	0.089	0.09	0.71	0.665	0.648	0.09	0.794	0.779	0.732	0.09	0.089	0.089	0.09	0.09	0.777	0.7	0.665	0.09	0.743	0.787	0.775	0.089	0.089	0.09	0.09	0.091	0.735	0.665	0.644	0.09	0.763	0.825	0.766	0.09	0.091	0.091	0.09	0.09	0.695	0.708	0.653	0.09	0.77	0.803	0.773	0.091	0.09	0.09	0.096	0.091	0.092	0.092	0.091	0.09	0.092	0.091	0.091	0.09	0.089	0.09	0.091	0.09	0.09	0.091	0.09	0.091	0.09	0.091	0.089	0.09	0.09	0.091	0.091	0.089	0.091	0.092	0.09	0.092	0.095	0.091	0.09	0.093	0.091	0.091	0.09
0.091	0.091	0.089	0.09	0.09	0.09	0.091	0.089	0.09	0.096	0.09	0.089	0.09	0.712	0.665	0.648	0.09	0.79	0.782	0.731	0.09	0.089	0.089	0.09	0.09	0.779	0.702	0.667	0.09	0.742	0.789	0.779	0.089	0.089	0.09	0.09	0.091	0.737	0.666	0.644	0.09	0.762	0.826	0.768	0.09	0.091	0.091	0.09	0.09	0.696	0.709	0.653	0.09	0.77	0.806	0.776	0.091	0.09	0.09	0.096	0.091	0.092	0.092	0.091	0.09	0.092	0.091	0.091	0.09	0.089	0.09	0.091	0.09	0.09	0.091	0.09	0.091	0.09	0.091	0.089	0.09	0.09	0.091	0.09	0.089	0.091	0.092	0.09	0.092	0.095	0.09	0.09	0.093	0.091	0.091	0.089
0.091	0.091	0.089	0.09	0.09	0.09	0.091	0.089	0.09	0.096	0.09	0.089	0.09	0.715	0.665	0.649	0.09	0.792	0.78	0.732	0.09	0.089	0.089	0.09	0.09	0.779	0.703	0.668	0.09	0.741	0.791	0.782	0.089	0.089	0.09	0.09	0.091	0.739	0.667	0.644	0.091	0.761	0.827	0.771	0.09	0.091	0.091	0.09	0.09	0.697	0.709	0.653	0.09	0.768	0.805	0.775	0.091	0.09	0.09	0.096	0.091	0.093	0.092	0.091	0.09	0.092	0.091	0.091	0.09	0.089	0.09	0.091	0.09	0.09	0.091	0.09	0.091	0.09	0.091	0.089	0.09	0.09	0.091	0.091	0.089	0.091	0.092	0.09	0.092	0.095	0.091	0.09	0.092	0.091	0.091	0.09
0.091	0.091	0.089	0.09	0.09	0.09	0.091	0.089	0.09	0.095	0.09	0.089	0.09	0.717	0.667	0.65	0.09	0.796	0.781	0.727	0.09	0.089	0.089	0.09	0.09	0.782	0.704	0.669	0.09	0.74	0.791	0.78	0.089	0.089	0.09	0.09	0.091	0.742	0.668	0.646	0.091	0.764	0.83	0.771	0.09	0.09	0.091	0.09	0.09	0.698	0.711	0.653	0.09	0.769	0.806	0.776	0.091	0.09	0.09	0.096	0.091	0.092	0.092	0.091	0.09	0.092	0.091	0.091	0.09	0.089	0.09	0.091	0.09	0.09	0.091	0.09	0.091	0.09	0.091	0.089	0.089	0.09	0.091	0.09	0.089	0.091	0.092	0.09	0.092	0.095	0.091	0.09	0.092	0.091	0.091	0.089
0.091	0.091	0.089	0.09	0.09	0.09	0.091	0.089	0.09	0.096	0.09	0.089	0.09	0.718	0.669	0.651	0.09	0.793	0.782	0.727	0.09	0.089	0.089	0.09	0.09	0.785	0.706	0.67	0.09	0.743	0.791	0.784	0.089	0.089	0.09	0.09	0.091	0.744	0.682	0.649	0.09	0.764	0.832	0.774	0.09	0.091	0.091	0.09	0.09	0.699	0.714	0.655	0.09	0.77	0.808	0.778	0.091	0.09	0.09	0.096	0.091	0.092	0.092	0.092	0.09	0.093	0.091	0.092	0.09	0.089	0.09	0.091	0.09	0.09	0.091	0.09	0.091	0.09	0.091	0.089	0.09	0.09	0.091	0.091	0.089	0.091	0.092	0.09	0.092	0.095	0.091	0.09	0.093	0.091	0.091	0.089
0.091	0.091	0.089	0.09	0.09	0.09	0.091	0.089	0.09	0.096	0.09	0.089	0.09	0.721	0.671	0.653	0.09	0.791	0.784	0.725	0.09	0.089	0.089	0.09	0.09	0.79	0.708	0.672	0.09	0.739	0.797	0.783	0.089	0.089	0.09	0.09	0.091	0.746	0.672	0.648	0.09	0.763	0.834	0.774	0.09	0.091	0.091	0.09	0.09	0.7	0.716	0.656	0.09	0.77	0.812	0.778	0.091	0.09	0.09	0.096	0.091	0.092	0.092	0.092	0.09	0.092	0.091	0.092	0.09	0.089	0.09	0.091	0.09	0.09	0.091	0.09	0.091	0.09	0.091	0.089	0.09	0.09	0.091	0.091	0.089	0.091	0.092	0.09	0.092	0.095	0.091	0.089	0.092	0.091	0.091	0.089
0.091	0.091	0.089	0.09	0.09	0.09	0.091	0.089	0.09	0.095	0.09	0.089	0.09	0.725	0.673	0.655	0.09	0.792	0.785	0.726	0.09	0.089	0.089	0.09	0.09	0.791	0.711	0.674	0.09	0.74	0.798	0.785	0.089	0.089	0.09	0.09	0.091	0.749	0.673	0.65	0.09	0.766	0.836	0.776	0.09	0.091	0.091	0.09	0.09	0.702	0.718	0.658	0.09	0.77	0.814	0.778	0.091	0.09	0.09	0.096	0.091	0.092	0.093	0.092	0.09	0.092	0.091	0.092	0.09	0.089	0.09	0.091	0.09	0.09	0.091	0.09	0.091	0.09	0.091	0.089	0.09	0.09	0.091	0.09	0.089	0.091	0.092	0.09	0.092	0.095	0.09	0.089	0.092	0.091	0.091	0.089
0.091	0.091	0.089	0.09	0.09	0.09	0.091	0.089	0.09	0.095	0.09	0.089	0.09	0.728	0.675	0.658	0.09	0.791	0.79	0.725	0.09	0.089	0.089	0.09	0.09	0.798	0.713	0.676	0.09	0.746	0.8	0.788	0.089	0.089	0.09	0.09	0.091	0.753	0.676	0.652	0.09	0.767	0.84	0.779	0.09	0.091	0.091	0.09	0.09	0.705	0.723	0.659	0.09	0.77	0.813	0.78	0.091	0.09	0.09	0.096	0.091	0.092	0.094	0.092	0.09	0.092	0.091	0.093	0.09	0.089	0.09	0.091	0.09	0.09	0.091	0.09	0.091	0.09	0.091	0.089	0.089	0.09	0.091	0.091	0.089	0.091	0.092	0.09	0.092	0.095	0.091	0.09	0.092	0.091	0.091	0.089
0.091	0.091	0.089	0.09	0.09	0.09	0.091	0.089	0.09	0.095	0.09	0.089	0.09	0.73	0.677	0.66	0.09	0.792	0.79	0.722	0.09	0.089	0.089	0.09	0.09	0.8	0.716	0.679	0.09	0.745	0.803	0.789	0.089	0.089	0.09	0.09	0.091	0.755	0.679	0.654	0.09	0.768	0.84	0.779	0.09	0.091	0.091	0.09	0.09	0.707	0.725	0.66	0.09	0.77	0.813	0.78	0.091	0.09	0.09	0.096	0.091	0.092	0.094	0.092	0.09	0.092	0.091	0.094	0.09	0.089	0.09	0.091	0.09	0.09	0.091	0.09	0.091	0.09	0.091	0.089	0.089	0.09	0.091	0.09	0.089	0.091	0.092	0.09	0.092	0.095	0.091	0.089	0.092	0.091	0.091	0.089
0.091	0.091	0.089	0.09	0.09	0.09	0.091	0.089	0.09	0.096	0.09	0.089	0.09	0.732	0.68	0.662	0.09	0.795	0.788	0.723	0.09	0.089	0.089	0.09	0.09	0.804	0.719	0.681	0.09	0.744	0.805	0.796	0.089	0.089	0.09	0.09	0.091	0.758	0.681	0.658	0.09	0.768	0.844	0.782	0.09	0.091	0.091	0.09	0.09	0.708	0.726	0.662	0.09	0.772	0.815	0.778	0.091	0.09	0.09	0.096	0.091	0.092	0.096	0.093	0.09	0.092	0.092	0.094	0.09	0.089	0.09	0.091	0.09	0.09	0.091	0.09	0.091	0.09	0.091	0.089	0.09	0.09	0.091	0.09	0.089	0.091	0.092	0.09	0.092	0.095	0.091	0.09	0.092	0.091	0.091	0.09