tween_0_0.png [701.35192184 803.27963943 845.52168192]
tween_0_4.png [411.25785667 462.03034845 497.17690993]
tween_0_8.png [349.50167757 442.45967876 477.8656514 ]
tween_1_2.png [456.00687694 479.57891953 511.2721021 ]
tween_1_5.png [376.9477975  402.23810651 407.74353715]
tween_1_9.png [254.90672154 255.85733882 380.85322359]
tween_2_3.png [61.37200186 79.0030975  94.24303062]
tween_2_7.png [ 93.6678458  111.02331066 120.47238095]
tween_3_1.png [35.56225846 36.05542464 40.95390706]
tween_3_4.png [30.72796785 38.12802666 49.39907852]
tween_3_8.png [37.37388966 47.96649695 53.18450925]
